Loci	Replicate	Processors	Hours	Minutes	Seconds	Iterations/Minute	Time
5	1	10	0	1	16	7894.736842	0.021111111
5	1	12	0	1	6	9090.909091	0.018333333
5	1	15	0	0	52	11538.46154	0.014444444
5	1	1	0	10	31	950.8716323	0.175277778
5	1	20	0	0	41	14634.14634	0.011388889
5	1	2	0	5	25	1846.153846	0.090277778
5	1	3	0	3	41	2714.932127	0.061388889
5	1	4	0	2	49	3550.295858	0.046944444
5	1	5	0	2	21	4255.319149	0.039166667
5	1	6	0	2	1	4958.677686	0.033611111
5	2	10	0	1	16	7894.736842	0.021111111
5	2	12	0	1	6	9090.909091	0.018333333
5	2	15	0	0	53	11320.75472	0.014722222
5	2	1	0	10	31	950.8716323	0.175277778
5	2	20	0	0	41	14634.14634	0.011388889
5	2	2	0	5	23	1857.585139	0.089722222
5	2	3	0	3	42	2702.702703	0.061666667
5	2	4	0	2	49	3550.295858	0.046944444
5	2	5	0	2	21	4255.319149	0.039166667
5	2	6	0	2	0	5000	0.033333333
5	3	10	0	1	16	7894.736842	0.021111111
5	3	12	0	1	6	9090.909091	0.018333333
5	3	15	0	0	52	11538.46154	0.014444444
5	3	1	0	10	31	950.8716323	0.175277778
5	3	20	0	0	41	14634.14634	0.011388889
5	3	2	0	5	23	1857.585139	0.089722222
5	3	3	0	3	42	2702.702703	0.061666667
5	3	4	0	2	49	3550.295858	0.046944444
5	3	5	0	2	21	4255.319149	0.039166667
5	3	6	0	2	1	4958.677686	0.033611111
5	4	10	0	1	15	8000	0.020833333
5	4	12	0	1	4	9375	0.017777778
5	4	15	0	0	52	11538.46154	0.014444444
5	4	1	0	10	31	950.8716323	0.175277778
5	4	20	0	0	41	14634.14634	0.011388889
5	4	2	0	5	23	1857.585139	0.089722222
5	4	3	0	3	42	2702.702703	0.061666667
5	4	4	0	2	49	3550.295858	0.046944444
5	4	5	0	2	21	4255.319149	0.039166667
5	4	6	0	2	1	4958.677686	0.033611111
5	5	10	0	1	16	7894.736842	0.021111111
5	5	12	0	1	4	9375	0.017777778
5	5	15	0	0	52	11538.46154	0.014444444
5	5	1	0	10	31	950.8716323	0.175277778
5	5	20	0	0	41	14634.14634	0.011388889
5	5	2	0	5	23	1857.585139	0.089722222
5	5	3	0	3	42	2702.702703	0.061666667
5	5	4	0	2	49	3550.295858	0.046944444
5	5	5	0	2	21	4255.319149	0.039166667
5	5	6	0	2	0	5000	0.033333333
50	1	10	0	13	47	725.5139057	0.229722222
50	1	12	0	11	42	854.7008547	0.195
50	1	15	0	9	14	1083.032491	0.153888889
50	1	1	2	2	13	81.821901	2.036944444
50	1	20	0	7	4	1415.09434	0.117777778
50	1	2	1	1	35	162.3815968	1.026388889
50	1	3	0	41	22	241.7405318	0.689444444
50	1	4	0	31	34	316.7898627	0.526111111
50	1	5	0	26	12	381.6793893	0.436666667
50	1	6	0	22	18	448.4304933	0.371666667
50	2	10	0	13	49	723.7635706	0.230277778
50	2	12	0	11	47	848.6562942	0.196388889
50	2	15	0	9	14	1083.032491	0.153888889
50	2	1	1	58	39	84.28150021	1.9775
50	2	20	0	7	4	1415.09434	0.117777778
50	2	2	1	0	59	163.9792293	1.016388889
50	2	3	0	41	8	243.1118314	0.685555556
50	2	4	0	31	21	318.9792663	0.5225
50	2	5	0	26	6	383.1417625	0.435
50	2	6	0	22	6	452.4886878	0.368333333
50	3	10	0	13	47	725.5139057	0.229722222
50	3	12	0	11	47	848.6562942	0.196388889
50	3	15	0	9	13	1084.990958	0.153611111
50	3	1	2	1	21	82.40626288	2.0225
50	3	20	0	7	5	1411.764706	0.118055556
50	3	2	1	0	49	164.4286106	1.013611111
50	3	3	0	40	58	244.100895	0.682777778
50	3	4	0	31	18	319.4888179	0.521666667
50	3	5	0	26	0	384.6153846	0.433333333
50	3	6	0	22	4	453.1722054	0.367777778
50	4	10	0	13	48	724.6376812	0.23
50	4	12	0	11	57	836.8200837	0.199166667
50	4	15	0	9	13	1084.990958	0.153611111
50	4	1	1	58	45	84.21052632	1.979166667
50	4	20	0	7	4	1415.09434	0.117777778
50	4	2	1	0	51	164.3385374	1.014166667
50	4	3	0	41	24	241.5458937	0.69
50	4	4	0	31	17	319.6590304	0.521388889
50	4	5	0	26	6	383.1417625	0.435
50	4	6	0	22	9	451.4672686	0.369166667
50	5	10	0	13	47	725.5139057	0.229722222
50	5	12	0	12	2	831.0249307	0.200555556
50	5	15	0	9	13	1084.990958	0.153611111
50	5	1	2	2	8	81.87772926	2.035555556
50	5	20	0	7	4	1415.09434	0.117777778
50	5	2	1	1	2	163.8448935	1.017222222
50	5	3	0	41	5	243.4077079	0.684722222
50	5	4	0	31	19	319.3187866	0.521944444
50	5	5	0	25	59	384.8620911	0.433055556
50	5	6	0	22	9	451.4672686	0.369166667
300	1	10	2	7	19	78.54431208	2.121944444
300	1	12	1	52	5	89.21933086	1.868055556
300	1	15	1	27	2	114.8985063	1.450555556
300	1	1	23	1	5	7.240692693	23.01805556
300	1	20	1	7	4	149.1053678	1.117777778
300	1	2	8	58	8	18.5827552	8.968888889
300	1	3	6	11	45	26.89979825	6.195833333
300	1	4	4	43	37	35.25885879	4.726944444
300	1	5	3	58	33	41.91993293	3.975833333
300	1	6	3	22	15	49.44375773	3.370833333
300	2	10	2	7	25	78.48266841	2.123611111
300	2	12	1	49	36	91.24087591	1.826666667
300	2	15	1	26	53	115.0968732	1.448055556
300	2	1	23	1	4	7.240780073	23.01777778
300	2	20	1	7	5	149.068323	1.118055556
300	2	2	8	58	13	18.57987799	8.970277778
300	2	3	6	10	58	26.95659987	6.182777778
300	2	4	4	42	29	35.4003186	4.708055556
300	2	5	3	54	59	42.55620966	3.916388889
300	2	6	3	21	37	49.59907415	3.360277778
300	3	10	2	7	21	78.52375344	2.1225
300	3	12	1	49	43	91.14385539	1.828611111
300	3	15	1	27	5	114.8325359	1.451388889
300	3	1	23	1	16	7.239731647	23.02111111
300	3	20	1	7	12	148.8095238	1.12
300	3	2	8	58	4	18.58505761	8.967777778
300	3	3	6	8	30	27.13704206	6.141666667
300	3	4	4	43	21	35.29204164	4.7225
300	3	5	3	57	9	42.1674046	3.9525
300	3	6	3	21	39	49.59087528	3.360833333
300	4	10	2	7	13	78.60605267	2.120277778
300	4	12	1	49	46	91.10233829	1.829444444
300	4	15	1	27	7	114.7885977	1.451944444
300	4	1	23	1	5	7.240692693	23.01805556
300	4	20	1	6	54	149.4768311	1.115
300	4	2	8	57	42	18.59773108	8.961666667
300	4	3	6	8	2	27.17145186	6.133888889
300	4	4	4	42	35	35.38779121	4.709722222
300	4	5	3	57	34	42.09344745	3.959444444
300	4	6	3	21	33	49.61548003	3.359166667
300	5	10	2	7	4	78.69884575	2.117777778
300	5	12	1	47	58	92.62117938	1.799444444
300	5	15	1	26	54	115.0747986	1.448333333
300	5	1	23	1	8	7.240430564	23.01888889
300	5	20	1	7	1	149.2166128	1.116944444
300	5	2	8	57	46	18.59542553	8.962777778
300	5	3	6	7	37	27.20224872	6.126944444
300	5	4	4	45	5	35.07746273	4.751388889
300	5	5	3	54	46	42.59548488	3.912777778
300	5	6	3	21	44	49.57038995	3.362222222
